07 71 64 61 68
06 42 18 55 05
06 80 30 49 62
06 25 35 46 40
07 79 62 64 89
07 51 43 84 37
06 07 23 51 03
06 60 18 45 13
06 62 79 94 85
06 76 42 48 83
06 11 03 74 86
06 67 39 56 41
07 88 13 94 44
06 76 42 48 83
06 30 52 46 12
06 59 77 06 14
06 12 33 21 30
06 68 61 19 21
06 64 26 98 28
06 61 30 72 47
07 54 11 07 08
06 16 75 60 93
06 61 43 78 35
06 74 51 87 78
06 75 51 56 10
06 82 96 95 53
06 95 20 72 78
06 95 54 85 32
06 15 05 63 60
07 50 15 52 12
06 71 40 69 14
06 63 47 20 14
06 87 40 50 58
06 84 13 09 15
06 11 39 20 44
06 84 11 71 94
06 13 21 14 09
06 08 51 45 65
07 52 04 58 54
06 76 71 95 59
06 84 84 99 01
06 86 27 38 76
06 48 61 12 03
03 22 31 10 90
06 61 53 04 84
06 51 36 69 92
07 78 95 20 59
06 71 93 99 23
06 79 56 43 49
06 38 46 19 56
06 17 80 17 15
06 45 18 57 71
07 88 89 86 00
06 63 29 87 86
06 89 52 72 03
06 12 74 99 74
06 19 29 09 93
06 31 75 57 01
06 70 34 52 82
07 81 12 87 47
06 40 92 78 04
06 26 25 43 95
06 46 00 81 18
06 07 03 20 79
03 80 61 43 38
06 15 13 13 95
06 02 26 95 95
07 61 47 75 53
06 18 48 25 89
06 52 90 70 71
06 61 39 59 83
07 87 12 24 55
06 82 43 30 83
06 17 68 85 47
06 45 83 91 72
06 21 61 90 20
06 08 31 91 25
06 09 65 75 95
06 50 55 31 14
05 58 07 00 69
06 10 85 82 93
06 03 55 19 38
06 20 95 60 61
06 19 32 77 18
06 61 51 79 69
06 11 61 60 02
06 83 92 75 01
06 74 97 42 19
06 73 88 93 64
06 11 88 36 48
06 83 78 12 40
06 74 16 74 54
06 94 06 07 87
07 61 24 93 94
07 87 26 72 96
07 68 85 90 57
06 71 21 49 36
06 09 06 05 26
06 80 08 02 79
06 31 18 87 41
06 80 08 02 79
06 82 76 50 99
06 13 06 75 21
06 83 28 15 43
07 81 60 19 78
06 08 63 96 05
06 34 39 29 24
06 26 84 71 61
06 09 25 11 15
04 99 91 77 75
06 19 29 59 23
06 07 11 75 14
06 24 29 94 13
06 03 48 56 96
06 27 34 45 66
06 19 60 45 03
06 84 55 03 80
06 08 34 47 22
06 81 37 01 21
06 09 03 20 23
06 84 18 49 92
06 86 18 34 42
06 07 37 80 93
06 52 67 41 77
06 77 52 24 37
06 81 37 01 21
07 88 20 59 47
06 27 09 94 79
03 85 67 85 98
06 07 22 05 99
06 86 44 72 78
06 06 64 05 65
07 49 47 67 48
06 81 00 95 84
05 49 26 75 85
06 59 24 25 83
06 68 06 05 46
06 82 69 15 14
06 13 71 11 58
06 07 46 85 10
06 12 56 09 21
06 53 61 99 67
04 48 50 00 44
06 43 78 71 95
06 30 64 16 27
07 86 85 03 15
06 07 93 12 73
06 51 28 36 19
06 58 68 46 69
07 70 68 80 55
07 74 86 10 67
06 74 62 68 77
06 01 49 51 76
06 15 37 09 17
06 16 87 05 96
06 82 31 10 01
07 69 37 07 52
06 44 79 01 75
06 61 94 18 42
06 87 89 46 29
06 83 77 98 45
06 89 76 13 75
06 46 98 99 84
06 61 45 76 34
06 18 55 24 21
06 15 15 10 26
06 73 24 05 35
06 61 04 14 08
07 61 43 76 17
06 60 37 30 00
06 77 68 82 77
07 88 92 06 84
06 58 18 52 94
06 35 14 47 85
06 09 06 05 26
07 69 97 38 06
06 09 06 05 26
06 72 58 03 87
06 29 22 18 46
06 20 35 92 07
07 69 30 57 55
07 60 11 93 56
06 59 52 16 98
06 58 68 13 77
06 31 27 07 25
06 43 58 18 44
06 68 07 99 82
07 70 10 32 79
06 99 50 40 17
06 44 75 74 09
07 69 57 32 92
06 73 96 62 32
06 88 65 40 54
06 61 52 90 57
06 99 95 70 70
06 12 52 26 37
06 89 75 76 29
06 50 99 19 16
06 95 16 27 81
06 32 04 38 62
06 05 77 77 81
07 49 44 40 51
06 05 77 77 81
07 49 44 40 51
06 68 52 51 06
06 87 03 44 08
06 80 31 44 13
06 33 48 36 27
06 83 57 52 82
06 05 18 76 34
06 11 70 40 08
06 63 71 31 50
06 52 04 17 05
06 11 94 44 90
06 64 53 76 56
06 67 43 89 76
06 16 38 28 91
06 78 77 80 34
06 51 80 25 01
06 76 81 40 68
06 42 71 69 00
07 86 63 48 13
06 70 47 80 66
06 37 40 94 67
06 31 98 31 25
06 50 47 17 72
06 50 47 17 72
06 07 34 16 79
06 26 34 10 48
06 68 69 06 24
06 71 57 91 30
06 03 56 11 01
06 45 82 77 59
07 56 92 91 98
06 83 07 71 34
06 60 02 62 28
06 98 88 94 58
06 79 52 61 53
06 87 83 65 77
07 78 76 78 68
